607320
607319
607318
607317
607316
607315
607314
607313
607312
607311
607310
607309
607308
607307
607306
607305
607304
607303
607302
607301
607300
607299
607298
607297
607296
607295
607294
607293
607292
607291
607290
607289
607288
607287
607286
607285
607284
607283
607282
607281
607280
607279
607278
607277
607276
607275
607274
607273
607272
607271
607270
607269
607268
607267
607266
607265
607264
607263
607262
607261
607260
607259
607258
607257
607256
607255
607254
607253
607252
607251
607250
607249
607248
607247
607246
607245
607244
607243
607242
607241
607240
607239
607238
607237
607236
607235
607234
607233
607232
607231
607230
607229
607228
607227
607226
607225
607224
607223
607222
607221
607220
607219
607218
607217
607216
607215
607214
607213
607212
607211
607210
607209
607208
607207
607206
607205
607204
607203
607202
607201
607200
607199
607198
607197
607196
607195
607194
607193
607192
607191
607190
607189
607188
607187
607186
607185
607184
607183
607182
607181
607180
607179
607178
607177
607176
607175
607174
607173
607172
607171
607170
607169
607168
607167
607166
607165
607164
607163
607162
607161
607160
607159
607158
607157
607156
607155
607154
607153
607152
607151
607150
607149
607148
607147
607146
607145
607144
607143
607142
607141
607140
607139
607138
607137
607136
607135
607134
607133
607132
607131
607130
607129
607128
607127
607126
607125
607124
607123
607122
607121
607120
607119
607118
607117
607116
607115
607114
607113
607112
607111
607110
607109
607108
607107
607106
607105
607104
607103
607102
607101
607100
607099
607098
607097
607096
607095
607094
607093
607092
607091
607090
607089
607088
607087
607086
607085
607084
607083
607082
607081
607080
607079
607078
607077
607076
607075
607074
607073
607072
607071
607070
607069
607068
607067
607066
607065
607064
607063
607062
607061
607060
607059
607058
607057
607056
607055
607054
607053
607052
607051
607050
607049
607048
607047
607046
607045
607044
607043
607042
607041
607040
607039
607038
607037
607036
607035
607034
607033
607032
607031
607030
607029
607028
607027
607026
607025
607024
607023
607022
607020
607019
607018
607017
607016
607015
607014
607013
607012
607011
607010
607009
607008
607007
607006
607005
607004
607003
607002
607001
607000
606999
606998
606997
606996
606995
606994
606993
606992
606991
606990
606989
606988
606987
606986
606985
606984
606983
606982
606981
606980
606979
606978
606977
606976
606975
606974
606973
606972
606971
606970
606969
606968
606967
606966
606965
606964
606962
606963
606961
606960
606959
606958
606957
606956
606955
606954
606953
606952
606951
606950
606949
606948
606947
606946
606945
606944
606943
606942
606941
606940
606939
606938
606937
606936
606935
606934
606933
606932
606931
606930
606929
606928
606927
606926
606925
606924
606923
606922
606921
606920
606919
606918
606917
606916
606915
606914
606913
606912
606911
606910
606909
606908
606907
606906
606905
606904
606903
606902
606901
606900
606899
606898
606897
606896
606895
606894
606893
606892
606891
606890
606889
606888
606887
606886
606885
606884
606883
606882
606881
606880
606879
606878
606877
606876
606875
606874
606873
606872
606871
606870
606869
606868
606867
606866
606865
606864
606862
606863
606861
606860
606858
606859
606857
606855
606856
606854
606853
606852
606851
606850
606847
606848
606849
606846
606844
606845
606843
606842
606841
606840
606839
606838
606837
606836
606835
606834
606833
606832
606831
606830
606828
606829
606827
606826
606825
606824
606823
606808
606809
606810
606811
606812
606813
606814
606815
606816
606817
606818
606819
606820
606821
606822
606781
606782
606783
606784
606785
606786
606787
606788
606789
606790
606791
606792
606793
606794
606795
606796
606797
606798
606799
606800
606801
606802
606803
606804
606805
606806
606807
606780
606545
606547
606549
606551
606553
606555
606559
606490
606492
606494
606496
606498
606434
606436
606438
606440
606442
606444
606448
606408
606409
606410
606411
606412
606413
606414
606415
606416
606417
606418
606419
606420
606421
606422
606423
606424
606425
606426
606427
606428
606429
606430
606431
606432
606433
606382
606383
606384
606385
606386
606387
606388
606389
606390
606391
606392
606393
606394
606395
606396
606397
606398
606399
606400
606401
606402
606403
606404
606405
606406
606407
606378
606379
606380
606381
606357
606358
606359
606360
606361
606362
606363
606364
606365
606366
606367
606368
606369
606370
606371
606372
606373
606374
606375
606376
606377
606331
606332
606333
606334
606335
606336
606337
606338
606339
606340
606341
606342
606343
606344
606345
606346
606347
606348
606349
606350
606351
606352
606353
606354
606355
606356
606305
606306
606307
606308
606309
606310
606311
606312
606313
606314
606315
606316
606317
606318
606319
606320
606321
606322
606323
606324
606325
606326
606327
606328
606329
606330
606279
606280
606281
606282
606283
606284
606285
606286
606287
606288
606289
606290
606291
606292
606293
606294
606295
606296
606297
606298
606299
606300
606301
606302
606303
606304
606260
606262
606263
606264
606265
606266
606267
606268
606269
606270
606271
606272
606273
606274
606275
606276
606277
606278
